942
81435918
18222862
96984029
73623404
41731827
82099923
2163497
17210704
51001143
36511486
48521124
94072436
4352026
53577363
14850976
10124200
85973271
77722751
77810885
99555829
0
19957218
90839481
93120897
20083767
61848830
91414828
0
95706739
30756883
96167321
31976448
93730783
40837175
48764797
49571413
24107163
8504290
15084416
75725872
45194415
9306134
28701532
51821213
0
81144106
81130872
96152568
67861806
0
1812028
35348125
0
593866
71739608
70092601
25273991
53845287
99946925
17127485
92758426
57255291
69469041
0
57719190
72100063
41736492
27334020
41731827
27849634
50319776
30511737
99969231
80711719
45508445
95481436
99039642
85014338
46275777
19218256
21579215
73131591
588460
2779236
41585691
62128979
0
18266273
92532823
89391262
78956548
63032165
83648779
76433714
78145984
97858921
42966631
54870279
52531124
90011756
23405722
11732659
97529017
0
23803686
48951638
338293
75534860
12882962
97476794
24362361
33275640
53845287
0
96400116
39345764
36391099
48554507
98935232
49551288
0
27436070
43232797
71091412
14955458
73989090
26763680
36902896
17026111
44622638
42826028
62498644
44441266
70819074
84459841
71857584
30551919
63645719
87971797
0
29389475
94929586
95462192
0
60514598
5628758
27133285
78956548
0
77450690
86844320
16012305
52042119
83432510
98894037
89621852
23761082
15557171
87727088
66369704
90487822
95221694
0
48882700
48509547
76990475
34634936
59803216
94098623
56572591
99194132
8355109
98354739
43471139
59020272
36603752
32039335
37815150
21914781
7985492
20725115
34574762
57106368
21975480
22627303
0
32650957
17869820
32125698
16241274
85920097
82448848
56899303
34469822
83946165
45170557
75123770
8954458
86444304
42914424
23193878
16192198
95682725
78218637
27928595
0
30486936
80302528
18030846
25965606
22592181
90011756
24715682
84551194
34288120
34634936
88170751
13155718
72760980
35120084
73228475
39800875
37058617
0
97108111
21495031
19955572
39345764
23215490
18536466
63825177
0
17040614
0
96742460
68455508
0
94859530
34216953
85108881
50463454
9616806
45170557
37345684
93417643
0
62265209
72722104
51427303
45599727
6428036
99121261
44487498
74466715
22094977
5762248
92532823
1150270
29798340
24248597
65119130
41570891
49551288
1304664
893582
51787374
88801364
49809652
45090378
68117747
54892089
25441576
16667727
83076646
30628181
66324908
54373691
19957218
60094289
95462192
14866015
19266847
81672637
99665052
72716451
48011698
39868929
96536096
6142742
59730142
748061
93151684
17892650
70978947
21333489
7775809
5071519
69728366
65045189
14172884
34172931
14955458
13612241
68840793
51001143
22375535
0
73544156
98888818
18165866
34854496
18005225
45910694
69222510
80085245
4339005
19957218
6082178
77896161
54761953
63914302
9618334
82774109
31169940
58436371
57401202
67407809
66498193
25965606
6748375
77683829
64142188
44705331
0
46558960
6301728
0
0
40923421
28585404
29580466
23058962
0
84389873
34394190
70538751
16005685
70751557
92178898
24986443
2714977
88844689
20083767
64991262
25983428
50212293
60779418
60620786
39023633
87209937
26435678
27615486
54742397
45987468
1048426
19247915
24404224
86444304
14757366
70903230
81247620
86428516
4932786
8456322
22125921
21716256
37320718
50727462
94072436
34172132
64283467
48179323
0
77502000
9616806
28810439
74674572
30977508
40636714
61297363
64755688
10815345
17932246
60859943
5323885
33344268
27165003
31475650
31264840
52130289
27436070
57684790
82112613
76415124
88511131
76890803
0
88223200
2656359
33694775
42685725
94072436
85846171
98354739
79969848
78965280
26459278
90139135
0
41899604
66236835
16437402
46096849
0
51442383
80556758
3657013
59582557
37760882
36069571
6012744
90483768
40304487
48552223
39345764
41376636
85183698
38996162
35377601
25435632
52042119
42208959
44726517
3562676
65741506
98412242
7775809
4954401
62694118
63774583
16594445
19396028
0
0
95798896
16027689
81570935
36238454
30527117
97547580
74210354
1759235
77896161
33556744
87720967
70612703
17670077
52790853
20784635
27177698
88454017
623752
94619566
51001143
95952500
0
74784843
62368035
41622928
66094224
78968206
0
57021797
31827093
53109067
88338339
28863480
22973480
58596879
75182831
48532685
88406341
63839939
46450178
35020576
53706416
97071007
19984886
26285820
11522236
25042035
85272242
63412888
37013137
36697383
30844366
28262405
35441644
13162059
62939778
37013137
53249760
83826447
42757742
38766437
69351468
53577363
72808418
28848825
30377153
82634751
36918798
53942205
39874772
16328891
7736226
84854065
52351032
3031791
43326175
71669220
59838573
1489595
25484707
56537848
56264184
91073646
11637679
15370741
75241548
43471139
59816226
46595081
68348929
58596879
36511486
68427748
81369557
81749674
29540482
57116752
20099320
24489039
43064246
60760548
16273853
92419106
42994995
72635673
63576193
62502815
91741694
35348125
201444
49877010
74389603
72180272
53419040
0
52042119
53358996
4508101
20456667
23025698
60432753
74803545
28084559
74323567
53831948
5983012
83521554
31529810
0
6288200
34569823
0
6888900
39950940
81025642
75774154
30488648
89009328
50860871
88575262
64771284
20667229
66604763
47897170
72801825
49865337
88669583
65369023
12268845
747637
32849586
97476794
73795097
49551288
20206014
60101399
62956661
10188013
28717467
90028162
96804505
96878712
88026919
30001775
80223644
70457516
92028106
17298266
93447585
95462192
86867790
88703286
91674276
7760565
60620786
19912098
4309016
41854576
693655
80539983
60644965
76635717
58587867
79470570
36902896
73539537
34880694
65081231
0
69985436
74445867
85285194
33734888
78145984
74117775
10374582
48764797
6265349
55734834
88534786
63865632
98256400
7367630
17040614
45732348
0
29657507
75475922
0
90615056
58833167
72415158
38035412
44476365
31074498
53141347
70481441
65891736
26360895
81918974
8355109
4957100
16692514
84304338
40705937
61551145
6056510
63531911
28194173
37179445
49959554
27015515
98011985
77896161
54292798
76914854
52525716
23723405
70432355
42947467
61008488
35481728
33931799
8474727
34505068
99198701
97708530
5452738
468816
26601745
56082663
76284926
44091916
72760980
41486650
0
45162921
11320329
4264630
77854023
44777141
45626965
25666019
13251362
70003449
46275777
9362039
72051087
26437901
30793884
3197027
0
0
28093408
98612502
69618598
92153853
27334020
909443
93413882
79379985
4048241
53168999
91991814
28803453
90570420
98823147
39539387
69321808
74807377
61567974
20905294
27648516
21053492
19300739
0
93699832
58497984
49520406
57848503
0
37420876
61566882
24597450
0
38708016
16667727
99747183
90011756
24450156
14148203
80193762
16220448
8908576
57325023
0
0
92972756
99134179
40914450
27201881
46896688
14866015
23968430
12268845
24642844
34126259
38837043
35086440
38346569
90067727
12960990
81161205
31439909
24521907
83228706
78379345
80546424
36518183
98422431
41501517
64741613
95415467
28319818
44217184
35175328
71385135
34478463
93694700
96392349
0
50897299
77143776
75305448
87062375
39458870
62939349
34505068
70515547
94577003
48212633
33798929
31047303
90115254
77777668
26285820
85500179
56009563
6645385
75700288
22375535
40978942
43480885
30410108
40274707
46392842
30967872
36902896
24078838
64177934
40717268
84877765
90110987
15803002
53806048
92514592
49496215
24484719
66813509
68968125
93346507
42252091
95581761
0
16994790
18191870
93790637
49174285
5452738
10384330
60740121
64083505
83486030
9616806
75581629
72760980
23512290
69059946
14779328
0
81403551
94340822
31618405
93511413
98576874
5452738
26387752
76703832
42208959
35200535
61390492
0
99486259
81079898
61452608
35234152
85696095
97108111
4443437
25736476
98354739
38189130
40609000
27183585
89986231
65196167
62956661
74871157
60693042
90535434
63093961
20913512
26675214
23460311
94830916
42351204
33353522
14955458
61442617
34634936
97658070
20083767
57228876
99643564
50786138
86597379
0
41737632
59841887
26773695
49947556
11856029
82894867
20725115
0
37727880
0
74199047
66328188
28430525
5511243
41205075
87973568
79032312
36143782
69707798
44657356
99643564
0
95777883
93724017
67192392
27495799
93649798
92316485
85157020
98810563
41731827
34018985
86444304
45918142
31773407
61312588
0
32178027
57213154
33320032
22528281
60706679
34469822
77858404
52531124
17005987
10971467
39023633
78145984
63506862
13340982
13240373
93076861
1375979
29580466
7954312
69913465
73041862
13368158
39461284
5946532
0
76355331
76482360
21517641
95495351
30045759
77950092
19955572
73972219
6854786
72157657
19726456
42208959
54644278
27334020
14738436
20725115
63839939
37013137
58106520
75174358
38224079
93404669
746804
81883379
63607434
96710633
10347113
