864
75033761
88776052
66972481
9855378
59806515
49873308
67097049
90176974
35167803
46566018
54901461
58803074
81956095
27386254
73879557
16349220
97854755
21641600
70301139
69715660
58370957
53437254
35422389
13269412
71590929
48757450
70392291
89709788
62411471
46004954
24854873
83088580
97347303
5351854
79157571
94842716
65249127
93224418
18550813
47901194
4139071
34016184
14610655
44847798
15481089
57707340
44012129
38956028
36687427
0
74480655
84579536
46957057
15022168
10070579
6267876
39195571
3838536
3950643
18907602
83387503
28685540
34439737
91039092
96628883
53246924
344487
84457694
59139517
63056234
93330795
22351908
83427871
81038398
14930125
40340006
4264421
59591640
51521785
77857804
77343689
94504368
89219873
49023558
5728625
11747392
34644767
32532520
84852017
68279728
21572555
49416886
82368371
50520796
47460017
63167386
40557167
44925494
71675099
56673160
66851839
86764870
4369595
53212134
50797435
83987714
52247079
67984398
29878909
50471744
45554421
67380496
57217887
33042478
47901521
88098384
3934447
4569124
15272665
11919918
8926429
0
71693577
25534596
21611817
24555994
88327505
31146440
39963021
79457312
34175871
42326672
30171323
13791450
77731367
5718482
96972097
221940
91282901
21789298
43424337
67873954
29487569
33733762
62008261
65395252
89689435
77334184
69463989
87239934
23599409
53174696
83203679
16832656
24922489
41962210
12745219
448668
76140067
67660820
32894145
38906476
42228411
29262174
47565515
91082106
18596309
28072422
33967009
82326726
80852901
34863132
26724845
36596404
39834251
51302922
57975421
24891816
74427495
16603500
0
23087708
4084715
32390054
29987717
78851180
19955983
46611630
75830427
60177990
37309353
66589428
84384809
54484226
6799579
32054004
0
31753514
92538239
38596202
74122339
38758934
89054265
39002732
49060465
52129872
1587785
90307918
32693243
77356214
68886233
16173310
65059365
93885914
59651023
64839720
43975257
67478724
51697789
2963688
75514965
61465526
23945513
50592254
33079511
91108808
84901145
83799114
56103737
26570940
74762109
51526378
80157715
989248
89140627
15575450
35588817
79324870
40410969
11380954
74708259
4890734
39610897
93230516
21256457
63099716
48159533
82669452
14498687
81385542
83571199
55094334
45103225
61718590
95407123
8171700
38424583
38273856
78446309
69377352
45111769
67790572
81254077
82719138
29214853
79619818
71394925
5377224
58325543
54784050
40282283
60611976
31844369
77129754
15940359
31594546
12412225
32153880
9879919
68428248
64689389
30972766
71904603
0
29982755
36764354
10324379
98306036
33962157
84448338
73162195
82407150
72961273
0
96265249
0
16196659
56761542
33151797
22167692
96828553
49328712
99833949
36560452
55954171
65463022
2689391
82739258
92661445
60604672
4877331
91875776
0
65794458
33868521
90686258
52058689
44163870
86810075
8600730
74092439
88129136
33914989
38270400
30277591
99801442
17651903
59253578
53137257
97049704
56437465
2010024
82206819
45589322
12811097
97338634
41764333
0
13210459
74754110
41992391
45964026
56871093
56577326
21408353
80073204
60791997
96270268
24534013
1737404
14414799
71704142
97248121
61170874
34513043
59826848
13484465
71601208
23874899
7699548
99608533
69783072
67342289
38411016
84248271
78343226
76492209
37477396
33073829
75489204
77795031
94107414
13700989
61188846
95687495
17424392
12350415
54941026
88208571
11619012
23002099
99317956
13982447
11088642
13611813
61377878
91434031
84549264
53537315
45232798
85750871
43172888
24711397
81949710
83185905
86421140
9543903
50426266
77673895
0
2932765
9295756
37678051
31564254
89695545
32538018
71697797
19527908
91303799
0
59838619
73700808
19712809
49500780
33277061
61592436
91713509
64279034
38183167
35537376
160177
8325828
474651
52010928
39751697
58075362
61569253
71969514
19808161
0
11688985
68357212
95821861
2364796
42648071
93774124
31987901
78635372
21015033
28283226
73450875
84811492
5496605
65256892
51888057
53788258
74521055
57110792
75581203
95448602
77931779
21662644
52136867
23921658
27163337
48735332
5908701
44272612
93542257
99482628
35490577
42701592
77235665
4717202
27945149
42363754
13734799
19398666
47636585
39625052
8571259
53711340
67049439
12864106
73461637
19934114
58788827
63705700
11243921
97444874
75990445
88971028
0
71498918
80504167
63730770
94459173
28918404
5697161
10791834
30998409
38023868
13602757
36296802
53403543
6038154
38310343
31211402
86709919
84749794
69429314
33281085
12137296
0
0
15994005
99917724
54138699
59817644
79200153
18446860
3423335
82941562
3478087
38225452
0
44698848
52162937
0
69374557
96622352
58480607
29875582
45270431
40069622
0
33176336
27667909
13535252
73984493
5922406
93017601
56028420
0
65459758
74295791
73894304
45176707
0
39176661
58734500
38525809
29186996
99696179
11643304
981089
0
89277343
38733748
40996191
53994108
90374101
9573190
50084999
96987022
33796315
70717760
21696351
0
49093731
14224862
8827605
52620806
0
60622772
1156763
0
79302155
76978004
91158017
30055448
10998295
32527870
1680283
34264464
81935077
0
82173009
71956434
13902665
11144178
36663659
81059484
42508765
80237142
20994661
81397498
0
18449798
46668549
0
47453995
6169572
93349111
11107608
54308381
615606
67859311
0
50160731
48709720
75785873
0
80169023
1595344
74106955
94546336
59696709
16968684
97892273
99651348
63049835
98019970
48293091
0
8379619
75528420
41073095
96797034
68400759
78839958
24787809
21024176
0
0
0
0
92934197
28546212
60477803
0
0
58162980
61458483
81156144
54318113
0
29546019
61842810
0
6308840
49748243
13613320
84783905
31237130
87472011
0
3863375
33271552
35968865
46577316
73793471
58742982
0
74301644
70711387
67490038
33601269
52508426
45058191
56719306
0
79939704
47511849
65145134
37364775
69656004
83768981
3428050
62895295
21615916
62333065
0
32675769
75913414
0
49561122
77838603
0
83444369
61584994
48793417
74511982
53774235
8086806
39791779
70583804
90893299
29781388
6401539
82651270
0
39487792
14245047
20134886
46503729
80637612
23913347
85912180
56310205
89599522
0
77107944
14478325
19092366
5724131
74085220
90569527
36961792
59981219
14026694
63881313
74000000
97389629
48395988
76966533
41635084
0
41633324
40361571
34942310
81571821
54582956
0
0
32683821
55836672
3927251
74012974
53657621
53562832
0
36164592
62426363
80773422
0
45592298
49854817
99229624
23262061
30041034
0
31042948
98283321
11952900
0
91939628
9346295
85132910
6881575
0
32308483
23258500
71405857
63674188
85401341
48678412
88630077
79030924
0
40308050
0
0
0
0
0
0
81178431
0
48788721
0
3366817
74884802
0
22781422
93363075
84466364
96369485
88520832
0
85977878
0
10704202
0
82665326
47857195
0
44076999
0
72077849
19328046
24323557
0
51854693
25125874
0
70367414
0
60453244
0
21144768
35698405
43756988
0
73094096
0
3436424
46741835
26108932
42632801
24208988
0
0
1856051
0
99163009
89060066
29658799
49405492
89069685
0
0
6714560
44530729
0
0
86477656
63731865
82293120
87892589
0
7237215
1422926
84795629
33810178
60421255
11602960
47102293
0
86234027
5315272
43785557
83288324
35534599
99394444
70218299
45534478
90270585
0
16917181
22561938
0
0
89611777
9420476
2991175
44299944
8982261
89031078
37693711
22426306
93099671
0
96242183
0
82047649
57844980
80250983
54613404
0
69755020
78846621
18682382
0
427834
61914825
6173878
69694311
25659160
0
50429142
10026211
24796990
0
0
73509111
51397724
7880059
0
0
67044054
27839721
69486964
0
10575534
0
0
0
90720770
53849965
0
33968609
92236310
98242277
34913394
0
47129026
0
24143488
0
31372940
42875223
33558364
0
85762376
37278757
34703130
44186695
89711006
71874791
47930428
41075797
86562954
0
97345798
26925651
0
43187521
7061114
0
61488994
0
62615336
0
58643866
82753739
9607082
0
0
0
76786482
0
0
5286851
0
41774359
87754890
0
0
13259631
74312250
62561297
61597546
25722815
63549666
58789697
0
70451861
34405958
53276241
57271750
28800425
35245228
3274287
40372676
0
6033200
0
0
0
0
13207167
28968302
0
77037640
0
66118708
0
0
15705077
0
0
0
51625125
75954224
54351687
34690932
41313365
74614774
60857933
58051678
0
86585964
0
0
61386183
0
92803909
0
74959149
