830
0
6770996
97525247
83693467
0
97439877
38148854
79566498
55888525
12542660
98110559
56134366
53567177
46952704
24522971
0
9903272
46157612
55003242
33142934
42066529
61991992
0
14546266
15604688
12320404
67177599
80125406
0
22475165
83348011
17179826
70345147
3305001
11942583
12519518
97382516
0
75960054
87074348
66959877
0
30618850
80260051
0
0
98056067
7716135
61882949
0
12280687
49620448
71917105
22316021
0
0
79497141
0
70899514
5568686
78339145
6299013
71116334
55404962
52284045
75262252
65179050
0
92538889
21779014
83353099
82324418
0
0
32382130
0
37498905
62887632
0
34388442
22203763
99580940
3303938
71968603
57995556
37190232
99094483
87092658
0
3795068
68886351
1905003
54379172
16575000
42701219
25070426
77585709
59316122
10499279
48124478
467321
85014496
14080435
0
48208331
1004881
50066930
67171366
58413865
82524885
47508475
21951786
53306941
0
78265314
37529323
19233489
5043421
44718459
66710191
72076429
88416124
22431087
0
17158601
0
63541475
65919252
35953429
35872964
0
96575750
0
55889598
53613102
94557562
41738989
91913980
78683937
87880374
9103161
85394653
39360059
65998500
86063485
24252186
93675994
0
14715708
46196368
3053163
38552026
70722888
49076297
56952953
60029166
18597116
60195389
80672035
83418442
0
0
73676007
23243166
49483969
91463125
81257259
58522618
0
14559764
0
94688382
94860305
92741120
88844430
83859271
0
50653804
75028423
93159990
0
92321517
76283598
37879858
0
31616162
26472057
98938694
32350895
0
0
36315607
97570165
0
42515391
73927352
71624644
89497918
93664435
3876770
4746928
88076529
60155802
39574910
96418049
84925645
0
91584999
82208488
46197372
18950407
22932043
87784631
95706800
29265318
23037252
0
0
3347969
86894038
75458068
43842064
8101558
45146362
77014893
99986473
0
32406763
6365644
83340360
48327787
70047567
0
42463652
85382463
25373622
0
0
0
0
23678365
5716308
99994087
1697918
64659689
95758192
4389974
42392194
90664005
13019708
74157631
8712494
79780233
0
57176899
92040466
21047920
2734866
0
72885771
17276905
51450885
0
71863474
53316320
51598100
94174151
0
51311561
21245917
27511443
4691703
0
21991468
81061975
0
49330633
23151853
0
19052242
71059589
2211692
60445663
71479595
0
0
54896931
94501847
97734235
73048940
38015799
44251326
0
84604085
66578867
0
31420997
3752844
73576551
39087718
85435721
68505469
28414966
61942378
45352795
96297065
23295993
0
79346049
0
67975371
47963738
89087421
0
6989127
39048158
29614841
34270952
5299485
90218562
6889533
35184804
29808209
65772358
29675060
90825270
20046595
28090466
29635899
0
12087487
92722992
15532041
19504317
68496781
36507106
26285152
39741249
25532623
47542902
22478676
30384624
27520819
44512210
3832747
20226836
0
53542830
90998724
45699565
19423643
81402154
35559989
82599996
12878079
16329438
84493977
65863392
21990117
60417170
16149944
95599916
54779543
5327115
55841121
98141704
15314038
80213186
59796600
79958202
25776399
93992918
45614033
23129544
25475067
5147746
98808512
88442116
39956953
52161326
61952260
26009016
77510979
16345559
33976901
48014004
90617895
27755526
39768657
73084336
3828315
69552906
83427741
59544177
33209522
0
48584425
5718376
81836339
21272436
37956568
99702548
0
34037563
44949753
38983064
41462086
0
65269941
46007108
35631255
0
40067745
32726920
0
52683223
55967693
5569324
60104007
21759984
25647977
7034014
12532909
91207370
41187717
0
0
46965934
59677249
69936200
49351371
9203148
84584229
91487580
20239098
37683062
71497209
38174717
6888131
52935012
86292803
0
65870655
60810691
85695076
88585832
76280797
90624172
0
40725172
0
20327310
52642689
63382917
98210955
20920074
0
39909473
0
20152024
56908761
68563784
31891981
95749530
38741469
17911596
0
10583710
13693305
0
46181251
0
39054157
2963572
64616311
29795699
67855953
63548344
70460286
6810218
27678853
34210068
50828618
70772878
98210985
0
62702691
56660506
49791395
65464604
20758719
11289579
98698641
76574973
0
63569258
0
0
61677727
5048942
97563452
53898088
17412419
36890903
79785269
52304668
82316631
0
82862073
21160616
72950979
79081607
13180856
59529705
62683671
97090398
0
87034125
60710427
60842898
65860165
53950524
0
58938846
67249561
0
84188163
0
61569829
84785212
26112799
77421630
28599012
0
27690379
91499383
77228464
51243988
83370474
0
0
75579816
36969725
49226394
40039341
0
66818231
85537024
98974188
0
32383851
76095876
0
19340076
0
35402494
82835601
0
32448237
15866674
70989315
0
86839841
0
48729945
94109469
0
81163482
76142029
23710540
64756431
13888094
5546209
73777320
36768291
51583343
95384112
0
51193615
8095280
0
0
34547355
60586119
79160773
31674780
70852967
73128560
0
0
77627379
58198218
22615883
35717322
26615007
0
53699052
0
48393038
0
55527117
45268010
54212023
2701414
79698113
12675837
36577203
18929143
40717272
80406770
14718015
96329747
83459865
39083629
4816171
97016914
46959325
82591441
0
59713235
0
77537645
63408355
74541058
43168493
63900388
25861087
36432582
66265193
51066046
42011235
98052156
69346453
31287420
0
91988595
63494407
97307749
2675299
28664810
63509421
12807921
0
43849531
83743623
9330349
79093619
59963706
0
84463284
97191465
81583014
23570737
57874976
98275819
23423762
0
0
28742511
0
54026137
0
4984907
38892482
54780461
78709924
62337122
64388443
49101345
0
36677771
0
17987792
98804490
78966543
35245139
0
58868496
89621963
74126007
0
64323346
82900449
60281254
14778745
0
29713763
51057490
0
44314524
28511687
49748542
75816329
73873648
17422454
0
95896328
75349516
5316295
74491814
66744689
5337504
50039387
60416890
9614349
18003610
80529346
0
65773420
42759893
81987510
68262642
63776573
60170825
60139503
13615110
41992404
14221752
15479235
0
94296453
79775668
53023343
14630438
9701169
83383400
57141435
4737418
95283557
10971428
0
15081630
46542593
89374768
18396213
31500820
28844517
57059620
32579362
4896926
15429127
82014941
54000515
2340410
71717917
26609724
0
9992974
80874015
0
0
67342682
73246301
49849353
52107423
25508150
0
96775216
6819875
0
14359013
84333836
97643951
0
29588268
87876520
0
50643700
60991627
9800596
35885786
4425774
22577633
0
36944142
40273327
50497197
67291228
67921479
73945360
66658473
0
3697843
90418242
0
99252236
43473215
13262950
76675681
7745728
66009739
28066287
26388360
20821124
0
80080486
72289836
19571072
0
0
28261821
33532132
85120895
87412526
0
55138024
17086365
0
12576155
0
68830239
93699294
97181393
86285053
83683979
84297122
44805653
12803465
86672399
6792680
46538313
92942304
8103619
0
90758024
0
82495791
81339662
66791287
93334544
41213563
55527439
93826264
36557100
22153543
0
0
0
99886571
91694682
70293171
0
62149415
54233710
89923716
82439944
69715163
85661412
0
0
98944511
0
43127092
0
71121086
57167492
68678757
37384114
82599271
41442542
65046937
0
40048798
1668207
23501269
0
22265911
69515995
97995988
61808277
64171542
0
32281851
50272836
69969626
42048579
95865180
14981744
55650446
57091946
29529221
30835124
0
90131630
43173393
0
82157595
35085796
13566515
83251836
25010935
0
34520492
38871358
0
48519898
62627781
83733297
29692154
87213510
0
95845608
0
50634058
0
41522292
57416745
0
2874396
93232528
5227915
55482866
34476829
8691900
19147250
37257998
10412289
62755680
84440963
5466178
2222629
25252332
23323143
83974062
3376383
4210736
80405365
14697964
0
59779748
0
27184504
65424305
14068845
0
0
14411288
0
44813919
35901342
5661217
10620533
42873155
5630642
73059701
51167033
10812767
18288686
94478356
87739845
66508955
39963250
17101221
29403228
40216906
47702774
0
7922136
0
76044351
17799781
4033761
59252039
34624894
18078791
90537368
94612155
96870362
70989949
62917260
63580367
37870358
95527969
61637400
4472499
33038519
13161211
36771689
83327071
21621755
52762804
45551174
80133502
93335554
0
13622234
30652599
0
68592697
6868606
50781166
0
3805813
24988241
37363911
24016928
11147713
20316965
73503355
16420247
